62684473 6814 28123 0.24
figue 55 27673 0.0
45859606 31 25343 0.0
allanzhulei 1025 25030 0.04
chenchangxing 1754 20289 0.09
33367044 3505 16650 0.211
innuma 76 13116 0.006
nieer 366 12568 0.029
3369724 133 12448 0.011
12736932 320 12028 0.027
Edwood 1065 11734 0.091
shawnj 869 11283 0.077
shenfu80 24 10994 0.002
4165611 1716 10751 0.16
qijiuzhiyue 231 10685 0.022
ydkj 179 10535 0.017
luoying6 406 10429 0.039
1256612 587 10330 0.057
FrankWasabi 509 10170 0.05
nglsy 622 10072 0.062
laomianren 1174 9955 0.118
lihuhu 2089 9931 0.21
1090084 213 9888 0.022
nangle 397 9869 0.04
luzhiyu 1712 9852 0.174
54204621 95 9705 0.01
mauria 1795 9656 0.186
flowermumu 616 9450 0.065
L5.P4 1244 9173 0.136
1286613 19 9168 0.002
njst 794 8789 0.09
43866584 145 8657 0.017
1738979 411 8566 0.048
navyblue617 1792 8499 0.211
lovemusic007 464 8465 0.055
amorcat 268 8401 0.032
zhaoyiwen 1306 8357 0.156
fangyunan 525 8352 0.063
yanluohan 291 8345 0.035
stknight 289 8324 0.035
neongod 370 8317 0.044
richer725 509 8228 0.062
2265138 2503 8192 0.306
CFJ 59 8175 0.007
wangxy 329 7869 0.042
dengyigeren 903 7770 0.116
chongbao 632 7625 0.083
1023517 32 7448 0.004
infero 96 7421 0.013
dbhungry 867 7385 0.117
darlingtudai 133 7361 0.018
grinch 950 7361 0.129
kejinlong 328 7319 0.045
lsd_XY 950 7205 0.132
xiaojiong 641 7061 0.091
COCOCOQUEEN 1022 6968 0.147
1166776 221 6852 0.032
1019579 232 6795 0.034
kathychou 1011 6740 0.15
sun1987 407 6728 0.06
mlsslm777 845 6653 0.127
sedgwick 100 6557 0.015
2040298 155 6529 0.024
hitchitsch 243 6520 0.037
HiddenParadise 515 6489 0.079
1032549 476 6464 0.074
xiubei 787 6360 0.124
dreamangelos 109 6356 0.017
1311301 115 6354 0.018
58721432 168 6312 0.027
1244949 575 6310 0.091
52114041 611 6281 0.097
techo 274 6219 0.044
rachel-rachel 1129 6205 0.182
p2165 708 6138 0.115
hdjjys 256 6134 0.042
4243064 1548 6127 0.253
sfroompp 1816 6101 0.298
kathychou 1011 6740 0.15
sun1987 407 6728 0.06
mlsslm777 845 6653 0.127
sedgwick 100 6557 0.015
2040298 155 6529 0.024
hitchitsch 243 6520 0.037
HiddenParadise 515 6489 0.079
/"JMK1032549 476 6464 0.074
xiubei 787 6360 0.124
dreamangelos 109 6356 0.017
1311301 115 6354 0.018
58721432 168 6312 0.027
1244949 575 6310 0.091
52114041 611 6281 0.097
techo 274 6219 0.044
rachel-rachel 1129 6205 0.182
p2165 708 6138 0.115
hdjjys 256 6134 0.042
4243064 1548 6127 0.253
sfroompp 1816 6101 0.298
ilovemyself 1519 6075 0.25
58930883 92 6074 0.015
angelhouxxy 510 6038 0.084
mackalex 655 6030 0.109
zhangzongqian 342 6002 0.057
yinxiang 969 5979 0.162
cloudlandlord 388 5928 0.065
44057759 320 5925 0.054
hippooh 469 5908 0.079
film101 1493 5901 0.253
flxjp 723 5898 0.123
57967850 359 5897 0.061
Meet 72 5859 0.012
MR.Botox 601 5849 0.103
Magnus 82 5813 0.014
xzyzsk7 444 5800 0.077
luhua 307 5797 0.053
44733365 780 5774 0.135
roseinthedark 312 5768 0.054
zhuyan-1 370 5744 0.064
babydog 411 5704 0.072
Curesansan 189 5694 0.033
boe 173 5660 0.031
3959803 119 5660 0.021
fshigh 1560 5656 0.276
onthewayhome 35 5642 0.006
zhaimozi 801 5627 0.142
kingkongofkhan 342 5627 0.061
orangewater 623 5617 0.111
xnvrenmojie 73 5583 0.013
yrpwytrp 186 5546 0.034
chenhuayang 577 5505 0.105
eason0210 389 5477 0.071
abc1985 1048 5473 0.191
Megalomaniac 1526 5472 0.279
rebekah 593 5462 0.109
49213881 118 5454 0.022
11740599 313 5423 0.058
yalindongdong 246 5401 0.046
lulusphinx 112 5395 0.021
be7a 242 5385 0.045
35224934 1075 5382 0.2
27518977 349 5380 0.065
pedant 325 5360 0.061
Fe.douban 189 5343 0.035
gougoushao 1048 5340 0.196
nuonuoqin 32 5316 0.006
2660398 873 5278 0.165
cctvzilch 434 5277 0.082
mr.slow 399 5277 0.076
Grace117 270 5274 0.051
1326010 494 5250 0.094
zhongshuishui 471 5246 0.09
29370508 299 5238 0.057
veverlee 672 5234 0.128
1958538 473 5227 0.09
almosthappy 56 5226 0.011
sikongyu 835 5214 0.16
2352053 187 5207 0.036
Pinky 381 5173 0.074
mycage 471 5102 0.092
vitamisa 458 5087 0.09
smokey 505 5080 0.099
new4new4 1249 5076 0.246
1170905 833 5073 0.164
helenvivi 734 5034 0.146
catuncle1988 561 5026 0.112
ljshoushou 736 5018 0.147
windtotem 99 5000 0.02
1914548 602 4998 0.12
YOOIN100 223 4976 0.045
lillianchai 295 4963 0.059
29928544 618 4961 0.125
chinriya 409 4957 0.083
Meds 108 4954 0.022
fox2100st 161 4932 0.033
chuanchengwu 138 4912 0.028
53869175 420 4911 0.086
lizhenhao 654 4908 0.133
jinbianmaochong 627 4902 0.128
wenghz_CDC 238 4866 0.049
xukunbing 1742 4839 0.36
1984116 235 4814 0.049
MECCA 292 4801 0.061
wildboy 210 4796 0.044
tenkappa 326 4785 0.068
ivanovski 958 4783 0.2
nirvanar 461 4761 0.097
ydyie 397 4757 0.083
rdhm 423 4740 0.089
lalentur 435 4737 0.092
fromdown 95 4730 0.02
1403787 970 4724 0.205
tomqulab 488 4664 0.105
mydear1011 432 4661 0.093
newcentury 685 4648 0.147
chongxiaochong 205 4638 0.044
qingbaba 725 4636 0.156
starrykurt 174 4625 0.038
mikiminwen 152 4616 0.033
orwell 597 4613 0.129
1638824 143 4604 0.031
1387637 513 4599 0.112
1117550 252 4572 0.055
crow194 364 4557 0.08
MovieL 382 4543 0.084
mutt 85 4533 0.019
lovewcs 308 4525 0.068
ciaobella 441 4523 0.098
3588917 962 4504 0.214
mmyy00 63 4497 0.014
sadera 403 4489 0.09
conanemily 872 4485 0.194
3939946 458 4483 0.102
xiyang0101 271 4470 0.061
Caneloni 272 4468 0.061
ashleyvivian 166 4466 0.037
LadyInSatin 234 4453 0.053
nofish 243 4452 0.055
ThinkingCat 632 4447 0.142
vincentjones 889 4440 0.2
immnauce 709 4439 0.16
snakebed 41 4437 0.009
1724013 668 4437 0.151
shanghai1897 187 4431 0.042
connie_326 893 4430 0.202
59771378 415 4427 0.094
1053221 152 4424 0.034
1169348 730 4424 0.165
1053221 152 4424 0.034
1065754 1176 4417 0.266
1077373 114 4410 0.026
hansongluo 55 4409 0.012
nobodyknows 353 4403 0.08
emotionalvulcan 590 4402 0.134
newton 215 4401 0.049
zhulinzhao 1706 4399 0.388
kidcby 519 4387 0.118
dormant 610 4381 0.139
1291771 512 4367 0.117
stanlyking 768 4365 0.176
3556247 555 4355 0.127
4597338 58 4351 0.013
GOAL 72 4308 0.017
huangdanggepi 319 4289 0.074
matchbox 64 4254 0.015
scofieldd 601 4219 0.142
jackyjackyjacky 643 4214 0.153
maybe-stella 282 4204 0.067
maybe-stella 282 4204 0.067
2434887 53 4200 0.013
Easy_Rider 799 4200 0.19
3718974 190 4196 0.045
3087252 18 4195 0.004
Z. 442 4194 0.105
Rub 261 4186 0.062
maynepaddy 1292 4180 0.309
canny-leon 332 4177 0.079
pigeye 381 4164 0.091
venuSinfurz 137 4161 0.033
qiaotaizi 385 4159 0.093
Zizou_Vam 729 4148 0.176
eighteen 493 4145 0.119
Mannialanck 272 4139 0.066
tjz230 517 4139 0.125
liu6 342 4138 0.083
donnil 1148 4134 0.278
kending 570 4126 0.138
yannyh 178 4119 0.043
sonychen 1141 4113 0.277
datouma 254 4110 0.062
mimida 325 4099 0.079
Jinkristin 40 4096 0.01
red. 225 4096 0.055
overhyde 183 4088 0.045
1056656 245 4079 0.06
1264887 107 4037 0.027
china-undead 1047 4036 0.259
traveler 89 4027 0.022
35989324 3243 4022 0.806
1217153 54 4014 0.013
Jillian 318 4012 0.079
yaozi0426 110 4001 0.027
sadeyes 171 3992 0.043
shiqiang 208 3989 0.052
zoe14 244 3988 0.061
saint.sebastian 313 3981 0.079
rakumm 671 3977 0.169
runfatrun 82 3964 0.021
YiYiFlowers 391 3958 0.099
Gardenialost 220 3947 0.056
boks 728 3942 0.185
cabaret 459 3935 0.117
2252653 163 3931 0.041
1010302 181 3917 0.046
flower21 1017 3906 0.26
ofo 1179 3875 0.304
nevertori 483 3859 0.125
pandoranavi 408 3839 0.106
j_s2003 312 3813 0.082
59266552 323 3811 0.085
37608497 50 3804 0.013
realhwq 264 3803 0.069
3630451 107 3801 0.028
liudaxian 215 3798 0.057
kingsitcome 342 3779 0.091
lazydesigner 301 3762 0.08
hexiaoqin 301 3760 0.08
2215864 280 3758 0.075
1073676 192 3756 0.051
little_cupid 461 3753 0.123
bayer04040404 686 3730 0.184
2415467 349 3729 0.094
qdmimi19810920 327 3726 0.088
1052753 180 3720 0.048
2252375 343 3699 0.093
xyloveposes 230 3674 0.063
CammyWhite 606 3673 0.165
its90 248 3672 0.068
xiaoduzi 396 3670 0.108
mrcorpse 655 3663 0.179
liufeihua 772 3657 0.211
1671513 247 3654 0.068
fayolee 289 3646 0.079
angieng 427 3646 0.117
2056470 190 3639 0.052
bigsleep 897 3637 0.247
QUEEN113 323 3632 0.089
wangdong1120 739 3626 0.204
wensiyu 197 3626 0.054
smalldie 92 3624 0.025
mangotong 507 3611 0.14
auess 933 3598 0.259
44916656 337 3593 0.094
amushi 365 3589 0.102
daijin 299 3588 0.083
1364870 211 3567 0.059
sofarsoclose 226 3550 0.064
Shanglinyuan 317 3543 0.089
yqsophia 573 3538 0.162
zoeturnturtle 644 3527 0.183
Isa_Europa 549 3521 0.156
youlookyou 89 3520 0.025
levitating 269 3505 0.077
lbxp 270 3496 0.077
lwr09 447 3492 0.128
2849243 617 3492 0.177
yfqc24pippo 414 3478 0.119
1178759 335 3476 0.096
4058423 417 3427 0.122
ricchhard 843 3424 0.246
1195860 356 3417 0.104
donvic 200 3416 0.059
2283061 447 3412 0.131
acidrain 270 3411 0.079
chrisocean 686 3399 0.202
sniperchris 163 3396 0.048
1454618 285 3388 0.084
findfilm 509 3381 0.151
kangtaforever 580 3380 0.172
chengzhimo 40 3322 0.012
DrinkFlames 319 3321 0.096
caodandejiaofu 412 3315 0.124
1020485 367 3307 0.111
64011512 167 3302 0.051
1461611 196 3288 0.06
vividtime 361 3288 0.11
cult 71 3279 0.022
philip 380 3274 0.116
tmbtmb 671 3265 0.206
guo_xu 1369 3263 0.42
a41055 245 3260 0.075
SydneyCarton 314 3229 0.097
3679542 85 3223 0.026
wenzel 499 3215 0.155
37136489 251 3188 0.079
1120366 88 3175 0.028
honey1025 552 3165 0.174
nuandance 89 3141 0.028
ahu 587 3128 0.188
novich 445 3126 0.142
2002554 496 3104 0.16
4597181 954 3101 0.308
HJL 12 3096 0.004
2398431 174 3096 0.056
Cyber.DraFonS 474 3052 0.155
littlevanities 144 3042 0.047
wuxinsz 259 3036 0.085